11361
11361
11093
11093
11093
11093
11313
11313
11313
11313
11313
11183
11183
11183
11183
11183
11130
11130
11130
11130
11250
11250
11250
11250
11369
11369
11369
11369
11369
11325
11325
11325
11325
11149
11149
11149
11149
11149
11365
11365
11365
11365
11343
11343
11343
11343
8987
8987
8987
8987
8987
9078
9078
9078
9078
9078
8676
8676
8676
8676
8676
8752
8752
8752
8752
9139
9139
9139
9139
9108
9108
9108
9108
9108
8834
8834
8834
8834
8834
8821
8821
8821
8821
8821
8025
8025
8025
8025
8087
8087
8087
10712
10712
10712
10712
10712
10722
10722
10722
10722
10722
10429
10429
10429
10429
10575
10575
10575
10575
10575
8322
8322
8322
8322
8390
8390
8390
8390
8390
8980
8980
8980
8980
8948
8948
8948
8948
8948
8367
8367
8367
8367
8196
8196
8196
8196
8196
8145
8145
8145
8145
8420
8420
8420
7866
7866
7866
7866
7866
7880
7880
7880
7880
7880
10739
10739
10739
10739
10739
10707
10707
10707
10707
10489
10489
10489
10489
10489
10808
10808
10808
10808
10808
10355
10355
10355
10355
10388
10388
10388
10388
10388
10767
10767
10767
10767
10767
10640
10640
10640
10640
10640
8543
8543
8543
8543
8409
8409
8409
8409
8863
8863
8863
8863
8863
8923
8923
8923
8923
8923
8267
8267
8267
8358
8358
8358
7747
7747
7747
7747
7724
7724
7724
7724
8116
8116
8116
8116
8116
8205
8205
8205
8205
8818
8818
8818
8818
8818
8813
8813
8813
8813
8420
8420
8420
8420
8420
8532
8532
8532
8532
8915
8915
8915
8915
8915
9010
9010
9010
9010
8529
8529
8529
8529
8529
8464
8464
8464
8464
8776
8776
8776
8776
9058
9058
9058
9058
10518
10518
10518
10518
10524
10524
10524
10524
10768
10768
10768
10768
10768
10669
10669
10669
10669
10669
10982
10982
10982
10982
10986
10986
10986
10986
10986
11289
11289
11289
11289
11471
11471
11471
11471
11471
11765
11765
11765
11765
11851
11851
11851
11851
12337
12337
12337
12337
11976
11976
11976
11537
11537
11537
11537
11561
11561
11561
12044
12044
12044
12044
11879
11879
11879
11879
11879
11573
11573
11573
11573
11573
11338
11338
11338
11338
11338
11707
11707
11707
11707
11647
11647
11647
11647
11727
11727
11727
11727
11727
11793
11793
11793
11793
11871
11871
11871
11871
11871
11747
11747
11747
11747
11747
11747
11747
11747
11747
11695
11695
11695
11695
11695
11718
11718
11718
11718
11718
11623
11623
11623
11623
11605
11605
11605
11605
11605
11495
11495
11495
11495
11671
11671
11671
11671
11671
11448
11448
11448
11448
11531
11531
11531
11531
11680
11680
11680
11680
11680
11765
11765
11765
11765
11765
11861
11861
11861
11861
11747
11747
11747
11747
11770
11770
11770
11770
11436
11436
11436
11436
11436
11528
11528
11528
11528
11657
11657
11657
11657
11657
11650
11650
11650
11650
11650
11985
11985
11985
11985
11985
11809
11809
11809
11809
11740
11740
11740
11740
11740
11655
11655
11655
11655
11655
11618
11618
11618
11618
11879
11879
11879
11879
11879
11673
11673
11673
11673
11673
11359
11359
11359
11359
11566
11566
11566
11566
11644
11644
11644
11644
11644
11652
11652
11652
11652
11652
11636
11636
11636
11636
11554
11554
11554
11554
11821
11821
11821
11821
11821
11655
11655
11655
11655
11710
11710
11710
11710
11879
11879
11879
11879
11879
11879
11994
11994
11994
11994
11918
11918
11918
11918
11918
11763
