6347
6347
5658
5658
5658
5794
5794
5794
5794
5794
5896
5896
5896
5896
5896
5860
5860
5860
5860
5860
6083
6083
6083
6083
6083
5864
5864
5864
5864
5623
5623
5623
5623
5623
5623
5623
5623
5623
5896
5896
5896
5896
5904
5904
5904
5904
5904
5775
5775
5775
5689
5689
5689
5689
5689
5828
5828
5828
5828
5867
5867
5867
5867
5867
5545
5545
5545
5545
5545
5704
5704
5704
5704
5705
5705
5705
5705
5731
5731
5731
5447
5447
5447
5447
5447
5527
5527
5527
5527
5527
5720
5720
5720
5720
5720
5846
5846
5846
5846
5533
5533
5533
5533
5533
5658
5658
5658
5658
5764
5764
5764
5764
5764
5794
5794
5794
5794
5794
5620
5620
5620
5620
5579
5579
5579
5579
5579
5352
5352
5352
5352
5264
5264
5264
5264
5264
5604
5604
5604
5807
5807
5807
5807
5807
5996
5996
5996
5996
5996
5902
5902
5902
5902
5582
5582
5582
5582
5582
5662
5662
5662
5662
5827
5827
5827
5827
5827
5842
5842
5842
5842
5842
5767
5767
5767
5767
5767
5724
5724
5724
5724
5724
5799
5799
5799
5799
5874
5874
5874
5874
5874
5598
5598
5598
5598
5598
5646
5646
5646
5646
5941
5941
5941
5941
5941
5846
5846
5846
5846
5681
5681
5681
5681
5681
5710
5710
5710
5710
5710
5847
5847
5847
5847
5822
5822
5822
5822
5822
5634
5634
5634
5634
5682
5682
5682
5682
5682
5892
5892
5892
5892
5892
5913
5913
5913
5913
5913
5583
5583
5583
5583
5591
5591
5591
5591
5591
6031
6031
6031
5985
5985
5985
5985
5570
