4288
3951
3951
3951
3951
3971
3971
3971
4062
4062
4062
4062
4063
4063
4063
4063
4098
4098
4098
4098
4511
4511
4511
4511
4511
4098
4098
4098
4098
4098
3934
3934
3934
3934
4301
4301
4301
4301
3996
3996
3996
3996
4056
4056
4056
4056
4056
3977
3977
3977
3977
3977
4019
4019
4019
4019
4019
4153
4153
4153
4153
4024
4024
4024
4024
4090
4090
4090
4090
4090
3999
3999
3999
3999
3999
4065
4065
4065
4065
4065
4043
4043
4043
4043
3905
3905
3905
3905
3905
4000
4000
4000
4222
4222
4222
4222
4222
3963
3963
3963
3963
3963
4123
4123
4123
4079
4079
4079
4151
4151
4151
4151
3877
3877
3877
3877
3877
4159
4159
4159
4159
4159
4176
4176
4176
4176
3720
3720
3720
3720
3720
3788
3788
3788
3788
3788
3877
3877
3877
3877
3681
3681
3681
3681
3681
3569
3569
3569
3569
3569
3702
3702
3702
3702
3788
3788
3788
3788
3788
3714
3714
3714
3714
3994
3994
3994
3994
3994
3811
3811
3811
3811
3874
3874
3874
3874
3782
3782
3782
3782
3782
3802
3802
3802
3802
3802
3670
3670
3670
3670
3790
3790
3790
3790
3790
3742
3742
3742
3742
3887
3887
3887
3887
3887
3832
3832
3832
3832
3808
3808
3808
3808
3808
3870
3870
3870
3870
3969
3969
3969
3969
3969
3819
3819
3819
3819
3819
4091
4091
4091
4091
4148
4148
4148
4148
3890
3890
3890
3890
3890
3982
3982
3982
3982
3982
3852
3852
3852
3852
3852
3875
3875
3875
3875
3875
3893
3893
3893
3893
3843
3843
3843
3843
3843
4048
4048
4048
4048
4048
6207
6207
6207
6207
6207
6195
6195
6195
6195
6041
6041
6041
6041
6041
6105
6105
6105
6105
5932
5932
5932
5932
5785
5785
5785
5785
5602
5602
5602
5602
5602
5693
5693
5693
5693
5270
5270
5270
5270
5270
5280
5280
5280
5280
5280
4917
4917
4917
4902
4902
4902
4602
4602
4602
4552
4552
4552
4552
4382
4382
4382
4382
4382
4149
4149
4149
4149
4149
3674
3674
3674
3674
3674
3464
3464
3464
3464
3729
3729
3729
3729
3724
3724
3724
3724
3724
3998
3998
3998
3998
3998
3997
3997
3997
3997
3397
3397
3397
3397
3397
3832
3832
3832
3832
4286
4286
4286
4286
4286
4338
4338
4338
4338
4338
3780
3780
3780
3722
3722
3722
6131
6131
6131
6188
6188
6188
6188
6188
6030
6030
6030
5973
5973
5973
5973
6214
6214
6214
6214
6214
6209
6209
6209
6209
5996
5996
5996
5996
6019
6019
6019
6019
5894
5894
5894
5894
5863
5863
5863
5863
5619
5619
5619
5619
5831
5831
5831
5831
5831
6384
6384
6384
6384
6381
6381
6381
6381
6289
6289
6289
6289
6289
6309
6309
6309
6309
6147
6147
6147
6147
6147
6174
6174
6174
6174
6174
6035
6035
6035
6035
6000
6000
6000
6000
6000
5949
5949
5949
5949
5973
5973
5973
5973
5973
5744
5744
5744
5744
5744
5731
5731
5731
5731
5311
5311
5311
5311
5311
5438
5438
5438
5438
4966
4966
4966
4987
4987
4987
4987
4465
4465
4465
4465
4360
4360
4360
4360
3879
3879
3879
3879
3879
3937
3937
3937
3937
3937
3395
3395
3395
3395
3700
3700
3700
3700
3700
3929
3929
3929
3929
4030
4030
4030
4030
4030
3706
3706
3706
3706
3706
3502
3502
3502
3502
3808
3808
3808
3808
3808
3923
3923
3923
3923
3453
3453
3453
3453
3453
3539
3539
3539
3539
3902
3902
3902
3902
3902
3914
3914
3914
3914
3914
3533
3533
3533
3533
3542
3542
3542
3542
3973
3973
3973
3973
3973
4023
4023
4023
4023
3422
3422
3422
3422
3422
3613
3613
3613
3613
3873
3873
3873
3873
3926
3926
3926
3926
3926
3579
3579
3579
3613
3613
3613
3613
3613
4091
4091
4091
4091
4016
4016
4016
4016
3560
3560
3560
3560
3462
3462
3462
3462
4032
4032
4032
4032
4113
4113
4113
4113
3778
3778
3778
3778
3773
3773
3773
3773
3773
4049
4049
4049
4049
4003
4003
4003
4003
3376
3376
3376
3376
3376
3585
3585
3585
3585
3747
3747
3747
3747
3747
3974
3974
3974
3974
3974
3365
3365
3365
3365
3365
3534
3534
3534
3534
3791
3791
3791
3791
3812
3812
3812
3812
3508
3508
3508
3508
3508
3651
3651
3651
3651
3651
3963
3963
3963
3963
3958
3958
3958
3958
3191
3191
3191
3191
3191
3190
3190
3190
3190
3190
3672
3672
3672
3672
3672
3672
3672
3672
3672
3672
3486
3486
3486
3486
3282
3282
3282
3282
4011
4011
4011
4011
4011
3858
3858
3858
3858
3546
3546
3546
3546
3546
3678
3678
3678
3678
3878
3878
3878
3878
3878
4034
4034
4034
4034
4034
3443
3443
3443
3443
3518
3518
3518
3518
3518
3984
3984
3984
3984
3984
3941
3941
3941
3941
3941
3528
3528
3528
3528
3304
3304
3304
3304
3916
3916
3916
3916
3916
3666
3666
3666
3666
3666
