1495
1146
1146
1146
1146
1003
1003
1003
1003
1003
2208
2208
2208
2208
2208
2464
2464
2464
2070
2070
2070
2070
2038
2038
2038
2333
2333
2333
2333
2428
2428
2428
2428
2090
2090
2090
2090
2090
2240
2240
2240
2240
2240
2150
2150
2150
2150
2150
2206
2206
2206
2206
1886
1886
1886
1886
1886
1755
1755
1755
1755
2148
2148
2148
2148
2148
2206
2206
2206
2206
1932
1932
1932
1932
1932
1974
1974
1974
1974
1974
1763
1763
1763
1763
1763
1760
1760
1760
1760
1760
1713
1713
1713
1713
1713
1658
1658
1658
1658
1438
1438
1438
1438
1438
1475
1475
1475
1475
1292
1292
1292
1292
1292
1239
1239
1239
1239
963
963
963
963
963
832
832
832
832
604
604
604
604
604
601
601
601
601
601
424
424
424
424
490
490
490
490
490
680
680
680
680
680
597
597
597
597
552
552
552
552
542
542
542
542
542
881
881
881
881
881
830
830
830
830
830
614
614
614
614
621
621
621
621
621
729
729
729
729
883
883
883
883
883
729
729
729
729
658
658
658
658
658
898
898
898
898
898
782
782
782
782
609
609
609
609
609
713
713
713
713
936
936
936
936
936
954
954
954
954
693
693
693
693
638
638
638
638
638
834
834
834
834
915
915
915
915
915
643
643
643
643
601
601
601
925
925
925
925
925
907
907
907
723
723
723
723
723
665
665
665
665
665
1076
1076
1076
1076
928
928
928
928
928
848
848
848
848
761
761
761
761
761
752
752
752
752
752
994
994
994
994
807
807
807
807
807
644
644
644
708
708
708
842
842
842
717
717
717
717
770
770
770
770
770
894
894
894
894
973
973
973
973
755
755
755
755
765
765
765
765
765
812
812
812
812
878
878
878
878
780
780
780
780
732
732
732
732
897
897
897
897
897
858
858
858
858
858
751
751
751
751
751
647
647
647
647
702
702
702
702
720
720
720
720
720
512
512
512
512
512
582
582
582
582
582
790
790
790
790
769
769
769
769
769
588
588
588
588
667
667
667
667
667
881
881
881
881
881
768
768
768
768
690
690
690
690
690
647
647
647
878
878
878
878
871
871
871
871
786
786
786
786
786
786
582
582
582
582
820
820
820
820
820
826
826
826
826
826
676
676
676
676
696
696
696
696
696
801
801
801
801
801
809
809
809
809
467
467
467
467
467
599
599
599
599
648
648
648
648
750
750
750
750
750
578
578
578
578
578
557
557
557
557
755
755
755
755
748
748
748
748
748
667
667
667
624
624
624
624
624
837
837
837
837
813
813
813
813
813
651
651
651
651
651
681
681
681
681
681
898
898
898
898
748
748
748
595
595
595
595
595
595
595
595
595
595
814
814
814
814
960
960
960
960
960
816
816
816
816
816
767
767
767
878
878
878
878
591
591
591
591
490
490
490
490
513
513
513
513
513
741
741
741
741
932
932
932
932
932
664
664
664
664
619
619
619
619
927
927
927
927
927
883
883
883
3028
3028
3028
3028
3028
3140
3140
3140
3140
3140
2941
2941
2941
2941
2733
2733
2733
2733
2733
2845
2845
2845
2845
2719
2719
2719
2719
2719
2888
2888
2888
2888
2789
2789
2789
2789
2789
2859
2859
2859
2907
2907
2907
2907
2907
2890
2890
2890
2890
2890
3177
3177
3177
3177
3177
3128
3128
3128
3128
3156
3156
3156
3156
3156
2922
2922
2922
2922
2786
2786
2786
2786
2786
2925
2925
2925
2925
3107
3107
3107
3107
3107
3141
3141
3141
3141
3141
3155
3155
3155
3155
3155
2946
2946
2946
2946
2946
2928
2928
2928
2928
3168
3168
3168
3168
3136
3136
3136
3136
3136
2877
2877
2877
2877
2877
2948
2948
2948
2948
2948
2790
2790
2790
2790
2712
2712
2712
2712
2568
2568
2568
2568
2568
2519
2519
2519
2519
2519
2365
2365
2365
2365
2180
2180
2180
2180
1997
1997
1997
1997
1997
2174
2174
2174
2174
1576
1576
1576
1576
1576
1805
1805
1805
1805
1805
1188
1188
1188
1188
1188
1197
1197
1197
1197
1048
1048
1048
