32956
32956
32701
32701
32701
32701
32587
32587
32587
32587
32587
32672
32672
32672
32672
33032
33032
33032
33032
33032
33500
33500
33500
33500
33500
33465
33465
33465
33465
33465
33327
33327
33327
33327
36666
36666
36666
36666
36666
35061
35061
35061
35061
35317
35317
35317
35317
35317
36037
36037
36037
36037
35205
35205
35205
35205
34882
34882
34882
34882
35028
35028
35028
35028
35028
35483
35483
35483
35483
34828
34828
34828
34828
34974
34974
34974
34974
34974
34374
34374
34374
34374
34374
34092
34092
34092
34092
33891
33891
33891
33891
33891
33695
33695
33695
33695
33516
33516
33516
33516
33516
33374
33374
33374
33374
33374
34716
34716
34716
34716
34286
34286
34286
34286
34286
36690
36690
36690
36690
37704
37704
37704
34140
34140
34140
34140
33095
33095
33095
33095
33095
33065
33065
33065
33065
33065
32841
32841
32841
32841
33069
33069
33069
33069
33069
33378
33378
33378
33378
33378
33160
33160
33160
33160
33158
33158
33158
33158
33093
33093
33093
33093
33089
33089
33089
33089
33004
33004
33004
33004
32996
32996
32996
32996
32996
33113
33113
33113
33113
33113
33802
33802
33802
33802
34160
34160
34160
34160
34160
33730
33730
33730
33730
33996
33996
33996
33996
33848
33848
33848
33848
33848
34134
34134
34134
34134
34217
34217
34217
34217
34217
34358
34358
34358
34358
34329
34329
34329
34329
34092
34092
34092
34092
34092
34130
34130
34130
34130
34133
34133
34133
34133
34133
34081
34081
34081
34081
34081
34000
34000
34000
34000
34000
34197
34197
34197
34197
34631
34631
34631
34631
34305
34305
34305
34305
34305
34191
34191
34191
34191
34072
34072
34072
34072
34072
34230
34230
34230
34230
34230
34355
34355
34355
34355
34088
34088
34088
34088
34088
34027
34027
34027
34027
34027
34028
34028
34028
34028
34028
34014
34014
34014
34014
33918
33918
33918
33755
33755
33755
33755
33755
33756
33756
33756
33756
33756
34053
34053
34053
34053
34130
34130
34130
34130
34443
34443
34443
34443
34522
34522
34522
34522
34263
34263
34263
34263
34263
34288
34288
34288
34288
34288
34257
34257
34257
34257
34095
34095
34095
34095
34095
34095
34423
34423
34423
34423
33824
33824
33824
33824
33824
33824
33558
33558
33558
33558
33291
33291
33291
33291
33585
33585
33585
33585
33585
33600
33600
33600
33600
33600
33517
33517
33517
33517
33723
33723
33723
33723
33723
33944
33944
33944
33944
33727
33727
33727
33727
33727
33900
33900
33900
33900
33528
33528
33528
33528
33528
34171
34171
34171
34171
34171
33600
33600
33600
33600
33600
34014
34014
34014
34014
34014
33244
33244
33244
33244
33244
33267
33267
33267
34038
34038
34038
34038
34038
33675
33675
33675
33507
33507
33507
33507
33802
33802
33802
33802
33802
33417
33417
33417
33417
33610
33610
33610
33610
33610
33271
33271
33271
33271
32954
32954
32954
32954
32954
33187
33187
33187
33187
33187
33806
33806
33806
33505
33505
33505
33505
33505
33477
33477
33477
33477
33381
33381
33381
33381
33232
33232
33232
33232
33232
33277
33277
33277
32986
32986
32986
32986
32986
33053
33053
33053
33053
33108
33108
33108
33108
32939
32939
32939
32939
33177
33177
33177
33177
33261
33261
33261
33261
33585
33585
33585
33585
33539
33539
33539
33539
33539
33297
33297
33297
33297
33249
33249
33249
33249
33249
33712
33712
33712
33712
33712
33630
33630
33630
33630
33350
33350
33350
33350
33326
33326
33326
33326
33326
33180
33180
33180
33180
33184
33184
33184
33184
33184
32967
32967
32967
32967
32967
33025
33025
33025
33025
33245
33245
33245
33245
33849
33849
33849
33849
33849
33390
33390
33390
33390
33390
33393
33393
33393
33238
33238
33238
33238
33192
33192
33192
33192
33192
33161
33161
33161
33161
33161
33291
33291
33291
33291
33513
33513
33513
33513
33398
33398
33398
33428
33428
33428
33205
33205
33205
33103
33103
33103
33103
33065
33065
33065
33065
33065
33150
33150
33150
33150
33150
33060
33060
33060
33060
32883
32883
32883
32883
32883
32764
32764
32764
32764
32764
32864
32864
32864
32864
32805
32805
32805
32805
32805
32765
32765
32765
32765
32765
32931
32931
32931
32931
32931
32802
32802
32802
32802
32802
32801
32801
32801
32829
32829
32829
32829
32829
32807
32807
32807
32807
32822
32822
32822
32822
32822
32760
32760
32760
32760
32760
32717
32717
32717
32717
32738
32738
32738
32738
32738
32731
32731
32731
32731
32808
32808
32808
32808
32808
33021
33021
33021
33021
33021
33050
33050
33050
33050
32829
32829
32829
32804
32804
32804
32804
32804
32806
32806
32806
32806
32830
32830
32830
32830
32830
32647
32647
32647
32602
32602
32602
32602
32602
32862
32862
