16470
16935
16935
16935
16935
16834
16834
16834
16834
16765
16765
16765
16765
16765
16768
16768
16768
16768
16398
16398
16398
16398
16398
16322
16322
16322
16322
16322
16141
16141
16141
16141
16282
16282
16282
16282
16282
16696
16696
16696
16696
16640
16640
16640
16640
16950
16950
16950
16950
16950
16977
16977
16977
16670
16670
16670
16669
16669
16669
16669
16209
16209
16209
16429
16429
16429
16429
16429
16693
16693
16693
16693
16708
16708
16708
16708
16230
16230
16230
16140
16140
16140
16140
16140
16693
16693
16693
16693
16693
16588
16588
16588
16588
16588
16219
16219
16219
16219
16219
16135
16135
16135
16135
16735
16735
16735
16735
16735
16855
16855
16855
16855
17098
17098
17098
17098
17118
17118
17118
17118
17118
16870
16870
16870
16870
16870
16852
16852
16852
16852
16852
16455
16455
16455
16455
16376
16376
16376
16376
16376
15943
15943
15943
15943
15943
15893
15893
15893
15893
16291
16291
16291
16291
16291
16307
16307
16307
16307
16696
16696
16696
16696
16760
16760
16760
16760
16760
16983
16983
16983
16983
16933
16933
16933
16933
16933
17227
17227
17227
17227
17256
17256
17256
17471
17471
17471
17471
17432
17432
17432
17432
17432
17246
17246
17246
17246
17246
17147
17147
17147
16982
16982
16982
16947
16947
16947
16947
16655
16655
16655
16655
16655
16638
16638
16638
16638
16638
16386
16386
16386
16386
16386
16457
16457
16457
16457
15960
15960
15960
15960
15960
16037
16037
16037
16524
16524
16524
16524
16524
16428
16428
16428
16428
16428
16647
16647
16647
16709
16709
16709
16709
16284
16284
16284
16284
16166
16166
16166
16166
16166
15732
15732
15732
15732
15783
15783
15783
15783
15783
16287
16287
16287
16287
16287
16462
16462
16462
16173
16173
16173
16173
16011
16011
16011
16011
16555
16555
16555
16555
16490
16490
16490
16490
17014
17014
17014
17014
17014
16867
16867
16867
16867
16867
17213
17213
17213
17213
17104
17104
17104
17104
17104
17023
17023
17023
17023
17023
17045
17045
17045
17045
17152
17152
17152
17116
17116
17116
17116
17116
16921
16921
16921
16980
16980
16980
16980
17191
17191
17191
17191
17191
17270
17270
17270
17270
17270
16964
16964
16964
16964
17092
17092
17092
17092
17272
17272
17272
17272
17272
17309
17309
17309
17309
17517
17517
17517
17517
17517
17574
17574
17574
17574
17712
17712
17712
17712
17712
17635
17635
17635
17635
17511
17511
17511
17511
17511
17430
17430
17430
17430
17216
17216
17216
17216
17216
16981
16981
16981
16981
16981
17258
17258
17258
17258
17219
17219
17219
17219
17409
17409
17409
17409
17409
17327
17327
17327
17327
17327
17229
17229
17229
17229
17229
17211
17211
17211
17211
17454
17454
17454
17454
17454
17503
17503
17503
17503
17348
17348
17348
17348
17450
17450
17450
17450
17215
17215
17215
17215
17215
17169
17169
17169
16957
16957
16957
16957
16957
17019
17019
17019
17019
16754
16754
16754
16754
16754
16712
16712
16712
16712
16712
16289
16289
16289
16289
16241
16241
16241
16241
16241
16646
16646
16646
16646
16690
16690
16690
16690
16690
16345
16345
16345
16163
16163
16163
16163
16163
16577
16577
16577
16577
16516
16516
16516
16516
16516
16054
16054
16054
16054
16054
16145
16145
16145
16145
16145
16593
16593
16593
16593
16580
16580
16580
16580
16580
16765
16765
16765
16765
16686
16686
16686
16686
16399
16399
16399
16399
16399
16368
16368
16368
16368
16814
16814
16814
16814
16814
16788
16788
16788
16788
16448
16448
16448
16448
16448
16461
16461
16461
16461
16888
16888
16888
16888
16914
16914
16914
16914
16546
16546
16546
16546
